1621266966633 2.299405183315277 0
1621266968552 2.193233225822449 0
1621266970470 1.9553629212379455 0
1621266972396 1.791750473320484 0
1621266974329 1.7195710059404372 0
1621266976282 1.6670956311821938 0
1621266978228 1.617832546979189 0
1621266980170 1.5675688336491584 0
1621266982116 1.5437513937950134 0
1621266984068 1.5234072092771531 0
1621266985980 1.4579216279387475 0
1621266987910 1.4606074050068856 0
1621266993120 1.3979748154580593 0
1621266995048 1.4153064658939838 0
1621266996952 1.381027342736721 0
1621266998854 1.375918395191431 0
1621267000789 1.3675205952525138 0
1621267002704 1.3409755095094442 0
1621267004628 1.3335772299468518 0
1621267006535 1.3064444774985313 0
1621267008458 1.303368609085679 0
1621267010567 1.3134559729844333 0
1621267012507 1.2766724870800972 0
1621267014467 1.2624199226796626 0
1621267019792 1.2087780204117298 0
1621267021744 1.1965119585469366 0
1621267023828 1.2011562547907233 0
1621267025797 1.2515485278069973 0
1621267027752 1.2265034724548458 0
1621267029721 1.217380616493523 0
1621267031696 1.1941369101703168 0
1621267033630 1.1981167957186698 0
1621267035575 1.187928167924285 0
1621267037532 1.1980329403169454 0
1621267039467 1.187435651358217 0
1621267041456 1.1978994768857956 0
1621267046733 1.1088334344401956 0
1621267048713 1.1083115471042693 0
1621267050567 1.1119157179631294 0
1621267052483 1.1009918834865093 0
1621267054434 1.1342960166111589 0
1621267056375 1.1534181219637394 0
1621267058316 1.113750318247825 0
1621267060271 1.121211233906448 0
1621267062221 1.1033974274471403 0
1621267064161 1.1135547406133264 0
1621267066104 1.0888274180814623 0
1621267068016 1.1523604235574603 0
1621267073255 1.0297380440346897 0
1621267075200 1.0156273085959255 0
1621267077129 1.0397564670443535 0
1621267079075 1.0465356959216296 0
1621267081006 1.0613646291755139 0
1621267082944 1.0640132944732905 0
1621267084852 1.0457214657962322 0
1621267086783 1.0627117185667156 0
1621267088730 1.0167368632405995 0
1621267090664 1.0497664928361774 0
1621267092590 1.0673638911172747 0
1621267094565 1.0356097887046636 0
1621267099834 0.9827468263022602 0
1621267101792 0.9547809303253889 0
1621267103748 1.006697206240613 0
1621267105704 0.9851159847769886 0
1621267107655 0.9749993874467909 0
1621267109601 0.9753187746917829 0
1621267111541 1.0190049689933658 0
1621267113489 1.0154509412497281 0
1621267115472 1.000173392040655 0
1621267117440 0.9927547856550664 0
1621267119452 1.0030841658562422 0
1621267121440 1.001324699372053 0
1621267126798 0.8995950357913971 0
1621267128734 0.9047001640917733 0
1621267130651 0.948818229040131 0
1621267132584 0.920667011577636 0
1621267134539 0.9382031179629267 0
1621267136486 0.9471842844216153 0
1621267138417 0.940297779077664 0
1621267140358 0.9829448263123631 0
1621267142298 0.9004087471365929 0
1621267144262 0.9606790089290589 0
1621267146209 0.966971464779228 0
1621267148148 0.9805780002847314 0
1621267153433 0.8245053544249386 0
1621267155418 0.8724791776109487 0
1621267157326 0.8726521035227924 0
1621267159280 0.8908584456238896 0
1621267161279 0.91078224075865 0
1621267163283 0.8891279325396754 0
1621267165223 0.9119772862847895 0
1621267167162 0.9547066114507615 0
1621267169131 0.933845516199246 0
1621267171098 0.9174059182051569 0
1621267173058 0.9283612244408578 0
1621267175003 0.9343236977248452 0
